Dueno=Nadie
CasaComprada=0
Costo=555735
PrecioVenta=555735
Estado=1
Interior=5
VirtualWorld=2125
X=2233.687988
Y=-1115.065429
Z=1050.531982
