Dueno=Nadie
CasaComprada=0
Costo=555735
PrecioVenta=555735
Estado=1
Interior=8
VirtualWorld=2129
X=2365.243408
Y=-1135.625122
Z=1050.531738
