Dueno=Nadie
CasaComprada=0
Costo=555735
PrecioVenta=555735
Estado=1
Interior=1
VirtualWorld=2139
X=2218.252929
Y=-1076.209594
Z=1050.133544
