Dueno=Nadie
CasaComprada=0
Costo=555735
PrecioVenta=555735
Estado=1
Interior=11
VirtualWorld=2136
X=2282.945312
Y=-1140.153564
Z=1050.547607
