Dueno=Nadie
CasaComprada=0
Costo=555735
PrecioVenta=555735
Estado=1
Interior=2
VirtualWorld=2142
X=2237.561523
Y=-1081.405273
Z=1048.672607
