Dueno=Nadie
CasaComprada=0
Costo=555735
PrecioVenta=555735
Estado=1
Interior=6
VirtualWorld=2159
X=2196.595458
Y=-1204.459228
Z=1048.672607
