Dueno=Nadie
CasaComprada=0
Costo=555735
PrecioVenta=555735
Estado=1
Interior=10
VirtualWorld=2167
X=2270.183837
Y=-1210.453491
Z=1047.211669
