Dueno=Nadie
CasaComprada=0
Costo=66385
PrecioVenta=26000
Estado=1
Interior=7
VirtualWorld=2016
X=-42.539222
Y=1405.539550
Z=1084.078857
