Dueno=Nadie
CasaComprada=0
Costo=555735
PrecioVenta=555735
Estado=1
Interior=9
VirtualWorld=2178
X=2317.799560
Y=-1026.623901
Z=1049.866943
