Dueno=Nadie
CasaComprada=0
Costo=66385
PrecioVenta=66385
Estado=1
Interior=4
VirtualWorld=2187
X=2233.687988
Y=-1115.065429
Z=1050.531982
