Dueno=Nadie
CasaComprada=0
Costo=66385
PrecioVenta=66385
Estado=1
Interior=5
VirtualWorld=2190
X=-42.539222
Y=1405.539550
Z=1084.078857
