Dueno=Nadie
CasaComprada=0
Costo=66385
PrecioVenta=25000
Estado=1
Interior=8
VirtualWorld=2036
X=-42.539222
Y=1405.539550
Z=1084.078857
