Dueno=Nadie
CasaComprada=0
Costo=66385
PrecioVenta=26000
Estado=1
Interior=4
VirtualWorld=2062
X=261.021148
Y=1284.286499
Z=1079.906982
