Dueno=Nadie
CasaComprada=0
Costo=66385
PrecioVenta=24000
Estado=1
Interior=1
VirtualWorld=2070
X=223.124389
Y=1287.182861
Z=1081.789794
