Dueno=Nadie
CasaComprada=0
Costo=66385
PrecioVenta=26000
Estado=1
Interior=6
VirtualWorld=2072
X=2308.737060
Y=-1212.786621
Z=1048.672607
